125 83.61139988899231 0.45296621322631836
250 56.044849157333374 2.1511497497558594
375 151.33488273620605 6.836179494857788
500 167.22344756126404 15.928619384765625
625 81.11120915412903 31.34729528427124
750 117.02444577217102 55.44749689102173
875 197.01169514656067 92.7801513671875
1000 244.37627530097961 139.14371752738953
1125 320.45453000068665 212.37331175804138
1250 431.9370572566986 300.532833814621
1375 646.1985385417938 395.4544916152954
1500 802.2651536464691 542.9104075431824
1625 979.0185675621033 740.7056891918182
1750 1197.8970682621002 922.272144317627
1875 1426.1563475131989 1106.4998185634613
2000 2719.8299055099487 1951.8058681488037
2125 3229.552280187607 3157.388447999954
2250 3693.092832326889 5299.097734451294
2375 5093.714154720306 6949.157824516296
2500 4898.687527894974 7445.936640262604
2625 5569.42541217804 8590.209161281586
2750 6267.325411081314 9814.126111745834
2875 7066.389860868454 8425.491317272186
3000 8192.237213373184 10483.09020113945
3125 9196.680678606033 16338.974313020706
3250 10092.579108953476 14146.06170630455
3375 11192.504266023636 16681.26169848442
3500 12376.134610891342 18600.346357107162
3625 13596.31260728836 25038.472887039185
3750 14896.400461673737 27803.15293622017
3875 16176.547112941742 25133.909422159195
4000 17756.11457633972 33520.444937705994
4125 19206.12134027481 36753.45909285545
4250 20846.011648893356 40008.532875061035
4375 22429.076043605804 36672.32310676575
4500 24404.94016289711 45211.141686201096
4625 26251.06100821495 40409.340134859085
4750 28344.940902471542 44690.68465733528
