125 6.325467109680176 0.38387632369995117 7749.969128286501 7750.0000000330065
250 14.959145069122314 2.132052183151245 31124.91837118822 31125.000000007687
375 29.46625590324402 6.455769062042236 70124.88892982228 70125.00000002587
500 49.42370676994324 15.226203441619873 124749.87110409145 124750.00000000696
625 81.98548460006714 30.236621856689453 194999.91999910527 195000.0000000343
750 117.44382452964783 52.63093972206116 280875.0393696486 280875.00000012363
875 197.5701298713684 85.4111397266388 382375.0095352264 382374.99999994773
1000 238.6092700958252 128.42656183242798 499500.209948389 499500.0000000178
1125 319.8743772506714 209.6004376411438 632250.5655038835 632249.9999999412
1250 428.09874653816223 267.054790019989 780625.8403666498 780625.0000001923
1375 648.4521946907043 380.7448983192444 944625.6939836817 944625.0000000079
1500 782.9252464771271 498.6286675930023 1124251.7551582975 1124250.0000001248
1625 979.209047794342 670.8992886543274 1319502.7249522458 1319500.0000000265
1750 1193.1058986186981 858.1282243728638 1530378.2118787118 1530375.0000000303
1875 1421.378922700882 1095.5484249591827 1756879.2597365926 1756875.0000000426
2000 1644.9654505252838 1215.7635312080383 1999004.4001120012 1999000.0000000482
2125 2142.739768743515 2464.4970831871033 2256755.7400222407 2256750.000000031
2250 2484.840824365616 3032.8770582675934 2530129.5323052458 2530125.0000001006
2375 2873.920176267624 3805.0909340381622 2819126.347292388 2819125.000000301
2500 3216.146302461624 4333.783999681473 3123756.5725343074 3123750.0000004647
2625 3730.5032980442047 5358.354742765427 3444003.2924170117 3444000.000000012
2750 4209.385314464569 6130.547439098358 3779881.7992377216 3779875.0000000247
2875 4720.528189659119 7130.941827774048 4131377.66808929 4131375.000000018
3000 5862.669603586197 9419.958901405334 4498508.193807473 4498500.000000014
3125 6637.333612203598 11344.667968034744 4881260.01300476 4881250.000000625
3250 7384.085870027542 12585.972927570343 5279630.111728243 5279625.000000647
3375 8253.235856056213 14288.90361070633 5693632.426794152 5693625.000000027
3500 8892.16103720665 15018.415374279022 6123259.356137319 6123250.000000955
3625 10001.031023740768 17911.27203822136 6568510.92366618 6568500.000000014
3750 10956.969372272491 19375.960408210754 7029378.826114575 7029375.000000012
3875 11950.272736787796 21543.947869300842 7505885.703817882 7505875.000000929
4000 12957.093245744705 22389.767672777176 7998016.856170906 7998000.000000026
4125 14200.167659521103 24939.857201099396 8505754.099264704 8505750.000000073
